2
0
12632256
sand2.gif
1
1
10
0
    15    15
32
110
   0  14   2
   2  14   2
   0  13   6
   0  12   6
   0  11   6
   0  10   6
   0   9   6
   0   8   6
   0   7   6
   0   6   6
   0   5   6
   0   4   6
   0   3   6
   0   2   6
   0   1   6
   2  13   6
   2  12   6
   2  11   6
   2  10   6
   2   9   6
   2   8   6
   2   7   6
   2   6   6
   2   5   6
   2   3   6
   2   4   6
   0   0   7
   1   0  11
   3   0  11
   2   0  11
   4   0  11
   5   0  11
   2   2   7
   3   2  11
   4   2  11
   5   2  11
   6   2  11
   7   2  13
   8   3  11
   9   3  11
  10   3  13
   7   4   6
   7   5   6
   7   6   6
   7   7   6
   7   8   6
   7   9   6
   7  10   6
   7  11   6
   7  12   4
   6   0  11
   7   0  11
   8   0  11
   9   0  11
  10   0  11
  11   0  11
  12   0  11
  13   0  11
  14   0  13
  14   1   6
  14   2   6
  14   3   6
  14   4   6
  14   5   6
  14   6   6
  14   7   6
  14   8   6
  14   9   6
  14  10   6
  14  11   6
  14  12   6
  14  13   6
  14  14  10
  13  14  11
  12  14  11
  11  14  11
  10  14   4
  10   9   6
  10   8   6
  10  10   6
  10   7   6
  10   6   6
  10   5   6
  10   4   6
  10  13   6
   7   3   6
   1   5  17
   4   5  17
   8   5  17
   8   8  17
   9  10  17
   5  13  17
  12  10  17
  13   5  17
  11   2  17
   9   7  18
   8   4  18
   4  12  18
   5   9  17
   3   7  17
   6   1  17
   1  13  17
   1  14   1
  11   5  18
  13   7  18
  11   9  18
  13  11  18
  12  13  18
   5   3  19
   4   3  20

1
12632256
wirl2.gif
1
1
10
0
    15    15
32
74
   2  14   2
   2  13   6
   2  12   6
   2  11   6
   2  10   6
   2   9   6
   2   8   6
   2   7   6
   2   6   6
   2   5   6
   2   4   6
   2   3   6
   2   2  15
   3   2  11
   4   2  11
   5   2  11
   6   2  11
   7   2  13
   7   3   6
   7   4   6
   7   5   6
   7   6  10
   6   6  11
   5   6   7
   5   7   6
   5   8   6
   5   9   6
   5  10   6
   5  11   6
   5  12   4
   6  12  11
   8  12  11
   7  12  11
   9  12  11
  10  12  11
  11  12  10
  11  11   6
  11  10   6
  11   8   6
  11   9   7
  12   9  10
   4   6  11
  12   8   6
  12   7   6
  12   6   6
  12   5   6
  12   4   6
  12   3  13
  11   3  11
  10   3   4
   6  11  17
   7   9  17
   8   9  17
   9  10  17
  10  11  17
   9  11  17
   9   7  17
   8   7  17
  11   5  17
  10   5  17
   9   5  17
   6   3   1
   1  14  19
   0  14  20
  10   2   5
   7  10  18
   0   7  17
   1   2  17
   5  13  17
   7  14  17
  12   1  17
   7   1  17
   8   2  17
   3   0  17

